                    1                    2   1.0000000000000000     
                    1                    5  -1.0000000000000000     
                    1                    1   8.0000000000000000     
                    2                    3   1.0000000000000000     
                    2                    1   1.0000000000000000     
                    2                    4   1.0000000000000000     
                    2                    6  -1.0000000000000000     
                    3                    2   1.0000000000000000     
                    3                    5   1.0000000000000000     
                    3                    3   8.0000000000000000     
                    4                    5   1.0000000000000000     
                    4                    2   1.0000000000000000     
                    4                    4   8.0000000000000000     
                    5                    4   1.0000000000000000     
                    5                    6   1.0000000000000000     
                    5                    3   1.0000000000000000     
                    5                    1  -1.0000000000000000     
                    6                    5   1.0000000000000000     
                    6                    2  -1.0000000000000000     
                    6                    6   8.0000000000000000     
